750
0 44
32 51
553 562
244 513
911 940
10 157
558 846
939
47 797
86 153
307 344
628 630
72 199
368 388
129 386
151 482
125
951
570
53 80
198 470
105 226
256 401
18 27
40 91
169 454
115 475
231 341
281
466 511
228
395 490
59 234
64 657
382 455
61 825
765 774
444 447
750 840
249 717
171 372
689 721
52 469
137 670
528 856
152 624
814 838
936
20 285
31 67
929 991
55 615
617 881
632 684
102 631
320
257 409
15 236
168 338
610
118 291
353 407
82 182
816 835
95 837
547 686
26 345
49 150
806 808
250 259
54 114
744 841
130 147
30 99
550
297 385
131 162
414 438
416
124 494
585 600
876 932
79 252
202
218 248
70
607 612
587 662
185 817
934 956
175 330
71 861
158 195
58 93
716 800
204 459
696 714
979 995
290 415
339 474
481 789
583 590
28
66 97
22
775
441
366 371
718
65 88
2 12
116 327
225
37 76
163 183
101 525
403 422
8 452
408 492
227 405
897 937
350 545
376 413
117 134
160 740
468
216
495 503
161 805
200 262
273 417
190 383
462
478 619
518 894
730
181
336 661
108 947
622 795
271 394
620 760
726 853
375 681
364
165 264
582 832
704
174
156 172
143 715
450
81
243 676
770 892
361
207 461
84 660
90
501 752
599 659
83
128 138
387
68 85
6 668
588
973 981
542 993
605
964
434 464
685 794
432 710
355 392
815
119 133
390 410
476 578
159
126 664
548 586
269 735
38
69 96
155 758
214 321
902 910
144 237
749 798
457
266 270
723
465 471
862 879
487 847
36 263
304 572
418 552
941 953
958 960
891 930
918 927
427 437
653 885
915 943
603 753
496 510
872 884
224 484
221 573
246 965
193
564 773
57 579
306 703
46 608
98
458 858
707
509
557
324 365
335 402
313
472
180 223
87
443 705
19
298
426 581
754
300
595 903
529 759
25
602
206 238
421
173 191
312
512 544
974 977
669
865
654
359 813
711 769
251
577 637
665 709
146 242
113
322 498
985 988
103
286
78
442
782 810
404
370
23
567
596
882 912
11
604
480
109
820
677
196
436
337 424
675 781
9
60
197
887
94 288
673 763
215 566
796 957
391
241
329
701 801
188 534
633 635
996 999
419 428
3
589 601
34
275
580 609
272
301
488
736
211
287
606
13
961 967
400
104 123
318 521
527 568
666 982
178
279
898 901
294
517 751
554
253 331
477
559
952 968
629
523 543
699 737
268
435
636 695
255
247
145
768
343 398
497
524 571
866 920
919 949
7
614
295 310
384 522
643 674
314
4
833 928
139
818 857
980 984
916 945
369
280 289
788 990
429
793 871
203
21
860
5
698 700
302
367
873 909
836
277
254
728
504
166
296
479
50
399 697
449 683
899
111
423
756
535 563
445 598
35
358
868 904
154
483
824 883
757
745
451
406
210
245
148
411
42
731 762
39
363 373
121
201
724
189
783 828
537 625
539
508
574
807
14
618 651
75
834 946
908
712
431
533
742
205
77
41
433
141
994
122
43
634 720
209
777
179
194
467
17
127
217
24
260
92
514
222
869
16
62
576
229
45
235
519
232
149
532
499
239
233
230
73
743
648
292
1
192
299
167
799
265
516
107
212
89
446
924
219
278
357
317
352
761
998
997
864
48
688
258
319
220
106
644
309
536
63
505
140
136
208
645
569
184
755
616
971
348
439
923
323
135
850
176
132
112
74
100
826
493
551
120
638
325
360
473
311
164
463
727
613
305
56
328
393
859
267
692
187
110
293
261
282
303
283
732
565
240
389
349
340
778
332
213
485
803
764
546
333
430
507
142
347
893
626
491
284
316
889
950
397
623
502
830
594
274
377
346
378
460
784
549
177
520
867
767
489
641
992
356
334
506
315
650
396
448
682
170
746
729
812
500
647
561
354
905
591
351
556
526
456
694
722
978
592
540
555
381
848
531
649
29
342
362
425
374
655
584
412
440
719
962
802
575
970
541
942
186
276
652
530
380
663
870
687
326
667
560
771
658
672
708
886
420
811
843
453
702
888
706
896
671
776
880
922
611
741
725
907
627
849
379
679
819
791
839
733
515
678
747
621
656
693
863
538
640
821
921
809
779
963
680
642
917
855
597
33
308
486
690
790
646
766
831
792
787
691
875
845
851
739
878
829
804
827
593
969
844
823
852
713
786
738
972
900
639
986
842
954
734
748
906
874
772
935
925
938
780
955
785
822
975
854
926
877
890
966
983
895
944
913
914
959
931
933
989
948
987
976
